COUNT: 12767
MEAN: 2.474673954997149e+20
MEDIAN: 2.4664097307429e+20
MODE: #N/A
STANDARD_DEVIATION: 1.9474693711042855e+31
VARIANCE: 2.0910793147136484e+40
ELAPSED_TIME_SECONDS: 0.02134560002014041
